1.056032981064548126e+00 0.000000000000000000e+00 2.837864905703400016e-08 0.000000000000000000e+00
1.175443983510534363e+00 0.000000000000000000e+00 3.159955405837145097e-08 0.000000000000000000e+00
1.308357393325258133e+00 0.000000000000000000e+00 3.518794584903665283e-08 0.000000000000000000e+00
1.456299996156748877e+00 0.000000000000000000e+00 3.908456615214572182e-08 0.000000000000000000e+00
1.620971219045888478e+00 0.000000000000000000e+00 4.337291229643613287e-08 0.000000000000000000e+00
1.804262651863866251e+00 0.000000000000000000e+00 4.813663213488888975e-08 0.000000000000000000e+00
2.008279776137516404e+00 0.000000000000000000e+00 5.339885084259041735e-08 0.000000000000000000e+00
2.235366150863083323e+00 0.000000000000000000e+00 5.901049247364704824e-08 0.000000000000000000e+00
2.488130333132567262e+00 0.000000000000000000e+00 6.512629884912925388e-08 0.000000000000000000e+00
2.769475842811750965e+00 0.000000000000000000e+00 7.175006264872108436e-08 0.000000000000000000e+00
3.082634515476230241e+00 0.000000000000000000e+00 7.879616540904490508e-08 0.000000000000000000e+00
3.431203626733101864e+00 0.000000000000000000e+00 8.643281791198594995e-08 0.000000000000000000e+00
3.819187214377767425e+00 0.000000000000000000e+00 9.440564722863552222e-08 0.000000000000000000e+00
4.251042073056519932e+00 0.000000000000000000e+00 1.027143993170807956e-07 0.000000000000000000e+00
4.731728949778890581e+00 0.000000000000000000e+00 1.112294863376089353e-07 0.000000000000000000e+00
5.266769528365972342e+00 0.000000000000000000e+00 1.199738510303847410e-07 0.000000000000000000e+00
5.862309857419115922e+00 0.000000000000000000e+00 1.282533767692634025e-07 0.000000000000000000e+00
6.525190950410857837e+00 0.000000000000000000e+00 1.354574584006909610e-07 0.000000000000000000e+00
7.263027368885755841e+00 0.000000000000000000e+00 1.427558700537104547e-07 0.000000000000000000e+00
8.084294691462201143e+00 0.000000000000000000e+00 1.500998780799459423e-07 0.000000000000000000e+00
8.998426873397548320e+00 0.000000000000000000e+00 1.574301777200683277e-07 0.000000000000000000e+00
1.001592461509324039e+01 0.000000000000000000e+00 1.646937205083333459e-07 0.000000000000000000e+00
1.114847598437533449e+01 0.000000000000000000e+00 1.718078627818468017e-07 0.000000000000000000e+00
1.240909067814867583e+01 0.000000000000000000e+00 1.787266650031730503e-07 0.000000000000000000e+00
1.381224946569640366e+01 0.000000000000000000e+00 1.852754569572423193e-07 0.000000000000000000e+00
1.537407053029052229e+01 0.000000000000000000e+00 1.914481338612919140e-07 0.000000000000000000e+00
1.711249461989307719e+01 0.000000000000000000e+00 1.971155649282523256e-07 0.000000000000000000e+00
1.904749113378321468e+01 0.000000000000000000e+00 2.021759199757818698e-07 0.000000000000000000e+00
2.120128751244688203e+01 0.000000000000000000e+00 2.065212812223326098e-07 0.000000000000000000e+00
2.359862456574094125e+01 0.000000000000000000e+00 2.100435058844154782e-07 0.000000000000000000e+00
2.626704067231091244e+01 0.000000000000000000e+00 2.126231041765956137e-07 0.000000000000000000e+00
2.923718811487309566e+01 0.000000000000000000e+00 2.142099377640521670e-07 0.000000000000000000e+00
3.254318518513449021e+01 0.000000000000000000e+00 2.146622053272729597e-07 0.000000000000000000e+00
3.622300810299908846e+01 0.000000000000000000e+00 2.139135270092904926e-07 0.000000000000000000e+00
4.031892725206589034e+01 0.000000000000000000e+00 2.119209013790838719e-07 0.000000000000000000e+00
4.487799274248540371e+01 0.000000000000000000e+00 2.086288593369445180e-07 0.000000000000000000e+00
4.995257487887015913e+01 0.000000000000000000e+00 2.040295156189879829e-07 0.000000000000000000e+00
5.560096574165519456e+01 0.000000000000000000e+00 1.980492485879207530e-07 0.000000000000000000e+00
6.188804879230252709e+01 0.000000000000000000e+00 1.909264355486257428e-07 0.000000000000000000e+00
6.888604419417499969e+01 0.000000000000000000e+00 1.826589660336705957e-07 0.000000000000000000e+00
7.667533841060405564e+01 0.000000000000000000e+00 1.733747953703064990e-07 0.000000000000000000e+00
8.534540760983165342e+01 0.000000000000000000e+00 1.632401142113758688e-07 0.000000000000000000e+00
9.499584548401358575e+01 0.000000000000000000e+00 1.525385690665129563e-07 0.000000000000000000e+00
1.057375072889466310e+02 0.000000000000000000e+00 1.413278721177689386e-07 0.000000000000000000e+00
1.176937832461472624e+02 0.000000000000000000e+00 1.299370841841443219e-07 0.000000000000000000e+00
1.310020159349736844e+02 0.000000000000000000e+00 1.186148542952215218e-07 0.000000000000000000e+00
1.458150779564580262e+02 0.000000000000000000e+00 1.075959459536654668e-07 0.000000000000000000e+00
1.623031279915676635e+02 0.000000000000000000e+00 9.703679865303748677e-08 0.000000000000000000e+00
1.806555654259147161e+02 0.000000000000000000e+00 8.723775104117534367e-08 0.000000000000000000e+00
2.010832059937378347e+02 0.000000000000000000e+00 7.813218009466083430e-08 0.000000000000000000e+00
2.238207034330328042e+02 0.000000000000000000e+00 6.978658299586719149e-08 0.000000000000000000e+00
2.491292449694543905e+02 0.000000000000000000e+00 6.214267679306640555e-08 0.000000000000000000e+00
2.772995515922919481e+02 0.000000000000000000e+00 5.509674042619059317e-08 0.000000000000000000e+00
3.086552175868076802e+02 0.000000000000000000e+00 4.853951501184308642e-08 0.000000000000000000e+00
3.435564276845046834e+02 0.000000000000000000e+00 4.238277987282969509e-08 0.000000000000000000e+00
3.824040945302937757e+02 0.000000000000000000e+00 3.662991484667031474e-08 0.000000000000000000e+00
4.256444639942141634e+02 0.000000000000000000e+00 3.139575711859889040e-08 0.000000000000000000e+00
4.737742412289155709e+02 0.000000000000000000e+00 2.680600268567249509e-08 0.000000000000000000e+00
5.273462963565856398e+02 0.000000000000000000e+00 2.290671308121546360e-08 0.000000000000000000e+00
5.869760153267689020e+02 0.000000000000000000e+00 1.963787145619764390e-08 0.000000000000000000e+00
6.533483688978308237e+02 0.000000000000000000e+00 1.681777754912944519e-08 0.000000000000000000e+00
7.272257809440862957e+02 0.000000000000000000e+00 1.430579549593083240e-08 0.000000000000000000e+00
8.094568864722074295e+02 0.000000000000000000e+00 1.206711660958837217e-08 0.000000000000000000e+00
9.009862799510120794e+02 0.000000000000000000e+00 1.017546381894635925e-08 0.000000000000000000e+00
1.002865365934268880e+03 0.000000000000000000e+00 8.627771671716773730e-09 0.000000000000000000e+00
1.116264436618460877e+03 0.000000000000000000e+00 7.337714556161760293e-09 0.000000000000000000e+00
1.242486115071199492e+03 0.000000000000000000e+00 6.233314104588449770e-09 0.000000000000000000e+00
1.382980318553656389e+03 0.000000000000000000e+00 5.285626203692741985e-09 0.000000000000000000e+00
1.539360913821697523e+03 0.000000000000000000e+00 4.480730808030424008e-09 0.000000000000000000e+00
1.713424255726343517e+03 0.000000000000000000e+00 3.801787549197577735e-09 0.000000000000000000e+00
1.907169822067742189e+03 0.000000000000000000e+00 3.230288534140425141e-09 0.000000000000000000e+00
2.122823181736748211e+03 0.000000000000000000e+00 2.748512072599494042e-09 0.000000000000000000e+00
2.362861559980607581e+03 0.000000000000000000e+00 2.340931075022633349e-09 0.000000000000000000e+00
2.630042294462951304e+03 0.000000000000000000e+00 1.995259925288161571e-09 0.000000000000000000e+00
2.927434508994474982e+03 0.000000000000000000e+00 1.701817095674356520e-09 0.000000000000000000e+00
3.258454368773508122e+03 0.000000000000000000e+00 1.452414351025200303e-09 0.000000000000000000e+00
3.626904322114499791e+03 0.000000000000000000e+00 1.239998369658751225e-09 0.000000000000000000e+00
4.037016779438275080e+03 0.000000000000000000e+00 1.058679016751614467e-09 0.000000000000000000e+00
4.493502731267226409e+03 0.000000000000000000e+00 9.036260141426354041e-10 0.000000000000000000e+00
5.001605863702974602e+03 0.000000000000000000e+00 7.708415496657228474e-10 0.000000000000000000e+00
5.567162793016338583e+03 0.000000000000000000e+00 6.570141006011201673e-10 0.000000000000000000e+00
6.196670111266974345e+03 0.000000000000000000e+00 5.593575566017359801e-10 0.000000000000000000e+00
6.897359013111165041e+03 0.000000000000000000e+00 4.755468462135482850e-10 0.000000000000000000e+00
7.677278361042189317e+03 0.000000000000000000e+00 4.036252512893387422e-10 0.000000000000000000e+00
8.545387143236317570e+03 0.000000000000000000e+00 3.419379468906457873e-10 0.000000000000000000e+00
9.511657386079081334e+03 0.000000000000000000e+00 2.890680057186428535e-10 0.000000000000000000e+00
1.058718870352829254e+04 0.000000000000000000e+00 2.438288304313260760e-10 0.000000000000000000e+00
1.178433579916051713e+04 0.000000000000000000e+00 2.051715805751536032e-10 0.000000000000000000e+00
1.311685038551288017e+04 0.000000000000000000e+00 1.722001815770572785e-10 0.000000000000000000e+00
1.460003915097147365e+04 0.000000000000000000e+00 1.441384831092521437e-10 0.000000000000000000e+00
1.625093958876844590e+04 0.000000000000000000e+00 1.203023619179874405e-10 0.000000000000000000e+00
1.808851570786662342e+04 0.000000000000000000e+00 1.001270711132688172e-10 0.000000000000000000e+00
2.013387587385212828e+04 0.000000000000000000e+00 8.308876868045939368e-11 0.000000000000000000e+00
2.241051528221264743e+04 0.000000000000000000e+00 6.874180884461474607e-11 0.000000000000000000e+00
2.494458584929090648e+04 0.000000000000000000e+00 5.669106690035012895e-11 0.000000000000000000e+00
2.776519662118276028e+04 0.000000000000000000e+00 4.660974970366490329e-11 0.000000000000000000e+00
3.090474815138586200e+04 0.000000000000000000e+00 3.819925724410378932e-11 0.000000000000000000e+00
3.439930468822552211e+04 0.000000000000000000e+00 3.120819689472338021e-11 0.000000000000000000e+00
3.828900844740607135e+04 0.000000000000000000e+00 2.544330666952048568e-11 0.000000000000000000e+00
4.261854072845193878e+04 0.000000000000000000e+00 2.062833731671797347e-11 0.000000000000000000e+00
4.743763517192281142e+04 0.000000000000000000e+00 1.668883804618230852e-11 0.000000000000000000e+00
