0.000000000000000000e+00 0.000000000000000000e+00
2.862230699999999928e+01 8.954227000000000714e-02
4.935750000000000171e+01 2.320574999999999721e-01
7.404558000000000106e+01 3.506073200000000001e-01
1.276359900000000067e+02 6.343721999999999417e-01
1.565009799999999984e+02 7.894971400000000417e-01
2.014435400000000129e+02 9.206523000000000900e-01
2.625150499999999738e+02 1.041711500000000123e+00
3.274927700000000073e+02 1.126192700000000047e+00
3.842660200000000259e+02 1.177884000000000153e+00
4.449922000000000253e+02 1.205609900000000012e+00
5.056949999999999932e+02 1.227029499999999995e+00
5.663650999999999840e+02 1.239620299999999897e+00
6.270119600000000446e+02 1.245904700000000087e+00
6.916770000000000209e+02 1.245881499999999864e+00
7.644158300000000281e+02 1.243332700000000068e+00
8.411775499999999965e+02 1.235737499999999933e+00
9.970923500000000104e+02 1.211465100000000072e+00
1.181283200000000079e+03 1.183146400000000042e+00
1.371925500000000056e+03 1.150789400000000073e+00
1.527013400000000047e+03 1.121472199999999919e+00
1.691808500000000095e+03 1.094169500000000017e+00
1.840448499999999967e+03 1.069899700000000120e+00
1.992325399999999945e+03 1.046637700000000004e+00
2.221770500000000084e+03 1.015275699999999892e+00
2.496451399999999921e+03 9.758253000000000066e-01
2.800242699999999786e+03 9.393914000000000986e-01
3.104041499999999814e+03 9.049755999999999911e-01
3.682573199999999815e+03 8.452355000000000285e-01
4.047811299999999846e+03 8.128156000000000825e-01
4.652257999999999811e+03 7.661833000000000116e-01
5.169451000000000022e+03 7.316905499999999396e-01
5.754538999999999760e+03 6.961643699999999768e-01
6.346104500000000371e+03 6.636628599999999656e-01
6.889186499999999796e+03 6.352148499999999975e-01
7.260980499999999665e+03 6.270088000000000328e-01
